iter=1 delta=23.200000
iter=1001 delta=0.010648
iter=2001 delta=0.000034
convergence after 2217 iterations.
